 3 7 4 1 3 0 1 4 3 3 0 8 1 7 2
 2 8 2 4 1 7 3 5 3 2 8 5 8 7 0 0
 2 7 5 8 5 6 0 8 6 2 7 6 1 1 0 7
 6 4 6 7 1 8 8 0 2 2 4 6 1 4 1 5
 3 7 4 1 3 0 1 4 3 3 0 8 1 7 2
 2 8 2 4 1 7 3 5 3 2 8 5 8 7 0 0
 2 7 5 8 5 6 0 8 6 2 7 6 1 1 0 7
 6 4 6 7 1 8 8 0 2 2 4 6 1 4 1 5
 3 7 4 1 3 0 1 4 3 3 0 8 1 7 2
 2 8 2 4 1 7 3 5 3 2 8 5 8 7 0 0
 2 7 5 8 5 6 0 8 6 2 7 6 1 1 0 7
 6 4 6 7 1 8 8 0 2 2 4 6 1 4 1 5
 3 7 4 1 3 0 1 4 3 3 0 8 1 7 2
 2 8 2 4 1 7 3 5 3 2 8 5 8 7 0 0
 2 7 5 8 5 6 0 8 6 2 7 6 1 1 0 7
 6 4 6 7 1 8 8 0 2 2 4 6 1 4 1 5
